Index,Voltage (V)
0,-2.1227
1,-1.8355
2,-2.5343
3,-2.387
4,-1.2451
5,-2.0455
6,-2.4125
7,-2.4886
8,-2.5662
9,-2.5269
10,-2.6231
11,-2.8864
12,-3.5114
13,-4.3214
14,-4.5224
15,-3.7571
16,-2.8917
17,-2.3673
18,-2.2721
19,-2.2168
20,-2.2918
21,-2.4716
22,-2.5077
23,-2.5482
24,-2.5641
25,-2.6997
26,-3.0619
27,-3.7182
28,-4.3953
29,-4.5043
30,-3.8353
31,-2.9976
32,-2.4758
33,-2.303
34,-2.2141
35,-2.2663
36,-2.2583
37,-2.1296
38,-1.82
39,-1.2504
40,-0.6701
41,-0.826
42,-1.4578
43,-2.0923
44,-2.42
45,-2.4896
46,-2.545
47,-2.529
48,-2.5726
49,-2.7625
50,-3.239
51,-4.1049
52,-4.5634
53,-4.039
54,-3.1906
55,-2.4811
56,-2.3184
57,-2.2216
58,-2.2631
59,-2.2381
60,-2.0471
61,-1.4653
62,-0.8957
63,-0.6813
64,-1.1861
65,-2.0126
66,-2.3913
67,-2.4891
68,-2.546
69,-2.5263
70,-2.6067
71,-2.862
72,-3.4316
73,-4.2868
74,-4.5464
75,-3.7986
76,-2.9699
77,-2.4088
78,-2.3003
79,-1.2823
80,-2.1014
81,-2.42
82,-2.4891
83,-2.5609
84,-2.5327
85,-2.6636
86,-2.9401
87,-3.7081
88,-4.3831
89,-4.4091
90,-3.605
91,-2.7136
92,-2.3492
93,-2.2806
94,-2.2328
95,-2.2812
96,-2.1493
97,-1.8839
98,-1.2004
99,-0.7074
100,-0.9696
101,-1.6445
102,-2.2966
103,-2.4726
104,-2.5051
105,-2.5482
106,-2.5641
107,-2.6987
108,-3.1906
109,-2.2572
110,-2.2524
111,-2.1094
112,-1.6711
113,-1.0499
114,-0.6393
115,-1.0164
116,-1.6966
117,-2.2556
118,-2.4636
119,-2.4896
120,-2.5636
121,-2.5274
122,-2.6162
123,-2.8907
124,-3.4816
125,-4.1911
126,-4.565
127,-4.1134
128,-3.2651
129,-2.5992
130,-2.3312
131,-2.2609
132,-2.2349
133,-2.2796
134,-2.1785
135,-1.9695
136,-1.4525
137,-0.8856
138,-0.6441
139,-1.2004
140,-1.8849
141,-2.396
142,-2.487
143,-2.554
144,-2.5258
145,-2.6104
146,-2.8705
147,-3.4459
148,-4.3033
149,-4.4793
150,-3.7879
151,-2.8061
152,-2.4061
153,-2.2881
154,-2.2051
155,-2.2843
156,-2.1998
157,-1.9482
158,-1.4233
159,-0.7606
160,-0.701
161,-1.3993
162,-2.053
163,-2.4391
164,-2.4891
165,-2.5657
166,-2.5279
167,-2.6481
168,-2.8917
169,-2.2062
170,-2.2817
171,-2.1913
172,-1.9184
173,-1.3759
174,-0.7377
175,-0.8313
176,-1.4578
177,-2.1987
178,-2.4482
179,-2.4918
180,-2.5524
181,-2.5428
182,-2.6918
183,-3.1481
184,-3.9863
185,-4.5394
186,-4.1677
187,-3.3295
188,-2.537
189,-2.3296
190,-2.2359
191,-2.2445
192,-2.2551
193,-2.1253
194,-1.6934
195,-1.1089
196,-0.6441
197,-0.9536
198,-1.7839
199,-4.1836
200,-4.5724
201,-3.9454
202,-3.0933
203,-2.4471
204,-2.3083
205,-2.2296
206,-2.2551
207,-2.2679
208,-2.1482
209,-1.8823
210,-1.3318
211,-0.7919
212,-0.7643
213,-1.3573
214,-2.0184
215,-2.3934
216,-2.487
217,-2.5338
218,-2.537
219,-2.5838
220,-2.7332
221,-3.1646
222,-3.8517
223,-4.4788
224,-4.4299
225,-3.6874
226,-2.8752
227,-2.4274
228,-2.2907
229,-2.2046
230,-2.2849
231,-2.2125
232,-1.9828
233,-1.4727
234,-0.801
235,-0.6834
236,-1.3419
237,-2.003
238,-2.428
239,-2.4896
240,-2.5599
241,-2.5333
242,-2.6689
243,-2.9582
244,-3.7427
245,-4.4107
246,-4.3932
247,-3.6257
248,-2.6934
249,-2.3726
250,-2.2742
251,-2.2152
252,-2.2774
253,-2.1748
254,-1.8642
255,-1.3052
256,-0.6973
257,-0.7813
258,-3.0162
259,-3.7927
260,-4.4458
261,-4.3512
262,-3.5608
263,-2.6535
264,-2.3423
265,-2.2636
266,-2.2615
267,-2.2625
268,-2.1009
269,-1.6131
270,-1.0297
271,-0.6451
272,-1.0494
273,-1.8817
274,-2.3413
275,-2.487
276,-2.5359
277,-2.5269
278,-2.5806
279,-2.7848
280,-3.2938
281,-4.1507
282,-4.573
283,-3.9932
284,-3.1438
285,-2.4641
286,-2.3131
287,-2.204
288,-2.2721
289,-2.4178
290,-2.4886
291,-2.5694
292,-2.5242
293,-2.6279
294,-2.8348
295,-3.3858
296,-4.0964
297,-4.5671
298,-4.224
299,-3.3927
300,-2.6715
301,-2.3386
302,-2.2689
303,-2.2168
304,-2.2854
305,-2.1993
306,-2.0232
307,-1.5488
308,-0.9691
309,-0.6595
310,-1.1079
311,-1.7934
312,-2.3035
313,-2.4737
314,-2.5088
315,-2.5636
316,-2.5338
317,-2.6354
318,-2.9572
319,-3.5752
320,-4.4113
321,-4.4969
322,-3.6246
323,-2.6928
324,-2.3732
325,-2.2599
326,-2.2131
327,-2.2796
328,-2.1439
329,-1.8668
330,-1.1802
331,-0.7031
332,-0.8919
333,-1.5408
334,-2.245
335,-2.4604
336,-2.5088
337,-2.5567
338,-2.5508
339,-2.6758
340,-3.1071
341,-3.773
342,-4.5219
343,-4.3666
344,-3.389
345,-2.6689
346,-2.3381
347,-2.2381
348,-1.7775
349,-2.3679
350,-2.4886
351,-2.5503
352,-2.5242
353,-2.5928
354,-2.8008
355,-3.3592
356,-4.182
357,-4.5639
358,-3.9454
359,-2.9338
360,-2.4003
361,-2.2982
362,-2.204
363,-2.2828
364,-2.1971
365,-2.0152
366,-1.4073
367,-0.8504
368,-0.7159
369,-1.2664
370,-2.0716
371,-2.4115
372,-2.4891
373,-2.563
374,-2.5295
375,-2.6205
376,-2.9056
377,-3.505
378,-2.2843
379,-2.1891
380,-1.9073
381,-1.3664
382,-0.7276
383,-0.7393
384,-1.3105
385,-1.9817
386,-2.3811
387,-2.4865
388,-2.5301
389,-2.5402
390,-2.5535
391,-2.7178
392,-3.1199
393,-3.7948
394,-4.4437
395,-4.4639
396,-3.7507
397,-2.9247
398,-2.3955
399,-2.2971
400,-2.2088
401,-2.2737
402,-2.2466
403,-2.1115
404,-1.761
405,-1.1892
406,-0.6568
407,-0.8813
408,-1.6988
409,-2.2429
410,-2.4769
411,-2.4992
412,-2.5444
413,-2.5513
414,-2.7136
415,-3.1055
416,-3.9321
417,-4.5591
418,-4.0437
419,-3.1976
420,-2.4849
421,-2.32
422,-2.2157
423,-2.2636
424,-2.2397
425,-2.0993
426,-1.6009
427,-1.0222
428,-0.6462
429,-1.0589
430,-1.8924
431,-2.3455
432,-2.4881
433,-2.5428
434,-2.5253
435,-2.5838
436,-2.3019
437,-2.203
438,-2.2838
439,-2.2046
440,-2.0328
441,-1.4392
442,-0.7723
443,-0.692
444,-1.377
445,-2.0328
446,-2.4359
447,-2.4896
448,-2.5684
449,-2.5359
450,-2.645
451,-2.9816
452,-3.614
453,-4.424
454,-4.4687
455,-3.5773
456,-2.7944
457,-2.3673
458,-2.2881
459,-2.22
460,-2.2828
461,-2.1679
462,-1.9418
463,-1.2807
464,-0.7568
465,-0.8005
466,-1.5818
467,-3.6816
468,-4.466
469,-4.423
470,-3.4874
471,-2.7279
472,-2.353
473,-2.2785
474,-2.2099
475,-2.2859
476,-2.2136
477,-2.053
478,-1.6073
479,-1.026
480,-0.6398
481,-1.043
482,-1.7275
483,-2.2721
484,-2.4668
485,-2.4923
486,-2.5641
487,-2.529
488,-2.6572
489,-2.9173
490,-3.5183
491,-4.2288
492,-4.5613
493,-4.0661
494,-3.2156
495,-2.5726
496,-2.321
497,-2.2546
498,-2.2631
499,-2.262
500,-2.1019
501,-1.6115
502,-1.0323
503,-0.642
504,-1.0419
505,-1.8743
506,-2.3402
507,-2.4875
508,-2.5604
509,-2.5258
510,-2.6077
